First matrix:
 83  8 30 85 16 28 22 56 28 21
 30 38 13 97 57 32 48 18  9 33
 62 90 52 92 85 84  7 83 40  8
 90 62 72 59 41 72 95 29  9 22
 46 92 75 71 91 58 86 12 78 66
 68 26 34 28 98 32 33 52 13 79
 52 73 78 58 52 83 43 15 57  5
 36 66 13 21  4 43 99 76 79 66
 14 62 65 68 76 24 54 81  8 59
 82 74 27 60 97 63 88 31 63 41

Second matrix:
  2 61 27 17 10 63 25 79 11 15
 52  7 82 28 21  2 99 61 43 35
 25 35 22 73 25 58 71 66  4 20
 49 60 88 16 85 56 55 10 88 97
 72 28 99 34 64  5 40 10 76 38
 80 19  9 51 25  1 80 75 37 80
 17 76 14 35 57  2 85 89 71 80
 21  8 56 18 29 97 45 97 11 11
 98 76 96 38 86 47 25 16 86 87
 71 52 88 34 87 79 68 28 58 12

Result matrix:
 14674 17589 20853 10713 17810 20304 19070 20561 16913 18282
 18197 16767 24127 11113 21019 13341 22969 16572 22362 21392
 29802 20380 36755 19547 26112 23340 35206 31428 27738 29043
 21475 23780 24751 19469 22385 18715 35246 34072 24030 26967
 35466 29977 41387 24455 35276 22137 42056 32080 36846 34985
 21862 18572 28744 15049 22908 20360 25550 23263 21713 16901
 26063 20906 27459 19662 22559 16152 32070 27368 24560 27761
 24293 22870 28335 16153 25570 20890 31410 30498 25516 25160
 23193 18655 31868 17273 25559 21990 32250 26861 24563 21699
 30883 27834 36950 20334 30832 20171 36751 32064 33560 32260
